0,1,1528.13
2,1,1497.61
3,1,1062.89
4,1,1968.42
5,1,1498.79
6,1,1757.54
7,1,1469.29
8,1,1471.78
9,1,2230.42
10,1,2391.06
11,1,1137.67
12,1,504.64
13,1,725.12
14,1,3006.93
15,1,1054.55
16,1,831.59
17,1,1353.9
18,1,856.69
19,1,2813.02
20,1,1745.55
21,1,2276.51
22,1,1347.43
23,1,1862.33
1,0,1528.13
2,0,999.25
3,0,1372.59
4,0,447.34
5,0,316.41
6,0,1327.24
7,0,2145.39
8,0,1229.93
9,0,809.48
10,0,976.02
11,0,1688.97
12,0,2026.94
13,0,885.32
14,0,1710.99
15,0,773.33
16,0,1445.7
17,0,738.1
18,0,721.55
19,0,1797.75
20,0,329.46
21,0,1620.96
22,0,489.28
23,0,826.66
1,2,1497.61
0,2,999.25
3,2,651.62
4,2,1293.4
5,2,689.06
6,2,354.03
7,2,1315.16
8,2,254.51
9,2,1735.01
10,2,1204.0
11,2,929.97
12,2,1867.69
13,2,840.72
14,2,1607.99
15,2,501.97
16,2,876.96
17,2,280.34
18,2,1181.67
19,2,1319.62
20,2,1318.67
21,2,810.38
22,2,523.61
23,2,516.06
1,3,1062.89
0,3,1372.59
2,3,651.62
4,3,1769.69
5,3,1131.52
6,3,766.67
7,3,773.2
8,3,489.76
9,3,2178.85
10,3,1836.2
11,3,318.72
12,3,1314.3
13,3,696.61
14,3,2253.26
15,3,601.87
16,3,261.29
17,3,721.08
18,3,1171.34
19,3,1903.66
20,3,1697.83
21,3,1280.88
22,3,914.81
23,3,1159.85
1,4,1968.42
0,4,447.34
2,4,1293.4
3,4,1769.69
5,4,639.77
6,4,1571.54
7,4,2534.72
8,4,1544.17
9,4,445.62
10,4,744.44
11,4,2088.42
12,4,2469.71
13,4,1331.46
14,4,1497.56
15,4,1186.37
16,4,1869.95
17,4,1076.82
18,4,1137.38
19,4,1740.39
20,4,296.68
21,4,1742.25
22,4,855.32
23,4,946.12
1,5,1498.79
0,5,316.41
2,5,689.06
3,5,1131.52
4,5,639.77
6,5,1011.31
7,5,1894.95
8,5,927.92
9,5,1064.76
10,5,894.29
11,5,1450.12
12,5,1975.38
13,5,788.56
14,5,1565.19
15,5,563.93
16,5,1247.61
17,5,443.26
18,5,811.11
19,5,1556.51
20,5,629.63
21,5,1316.59
22,5,216.98
23,5,545.29
1,6,1757.54
0,6,1327.24
2,6,354.03
3,6,766.67
4,6,1571.54
5,6,1011.31
7,6,1238.38
8,6,287.97
9,6,2017.17
10,6,1326.33
11,6,955.13
12,6,2071.75
13,6,1157.89
14,6,1558.52
15,6,838.0
16,6,1025.9
17,6,633.05
18,6,1529.69
19,6,1143.4
20,6,1635.54
21,6,521.68
22,6,868.87
23,6,667.8
1,7,1469.29
0,7,2145.39
2,7,1315.16
3,7,773.2
4,7,2534.72
5,7,1894.95
6,7,1238.38
8,7,1073.36
9,7,2950.11
10,7,2513.69
11,7,462.6
12,7,1449.96
13,7,1413.37
14,7,2792.41
15,7,1374.91
16,7,776.83
17,7,1465.61
18,7,1882.22
19,7,2314.19
20,7,2471.02
21,7,1626.56
22,7,1680.0
23,7,1823.72
1,8,1471.78
0,8,1229.93
2,8,254.51
3,8,489.76
4,8,1544.17
5,8,927.92
6,8,287.97
7,8,1073.36
9,8,1983.75
10,8,1440.34
11,8,720.12
12,8,1785.33
13,8,900.01
14,8,1779.93
15,8,610.17
16,8,744.63
17,8,492.25
18,8,1307.51
19,8,1414.16
20,8,1554.82
21,8,809.65
22,8,742.79
23,8,750.49
1,9,2230.42
0,9,809.48
2,9,1735.01
3,9,2178.85
4,9,445.62
5,9,1064.76
6,9,2017.17
7,9,2950.11
8,9,1983.75
10,9,1052.95
11,9,2496.39
12,9,2734.6
13,9,1669.43
14,9,1753.97
15,9,1582.16
16,9,2253.98
17,9,1507.55
18,9,1373.81
19,9,2099.29
20,9,502.61
21,9,2171.65
22,9,1273.88
23,9,1386.08
1,10,2391.06
0,10,976.02
2,10,1204.0
3,10,1836.2
4,10,744.44
5,10,894.29
6,10,1326.33
7,10,2513.69
8,10,1440.34
9,10,1052.95
11,10,2131.2
12,10,2859.32
13,10,1672.69
14,10,756.61
15,10,1391.36
16,10,2022.76
17,10,1138.61
18,10,1673.74
19,10,1051.39
20,10,1020.76
21,10,1265.79
22,10,1052.76
23,10,690.12
1,11,1137.67
0,11,1688.97
2,11,929.97
3,11,318.72
4,11,2088.42
5,11,1450.12
6,11,955.13
7,11,462.6
8,11,720.12
9,11,2496.39
10,11,2131.2
12,11,1263.37
13,11,957.91
14,11,2498.32
15,11,916.23
16,11,340.55
17,11,1034.57
18,11,1431.21
19,11,2093.69
20,11,2012.7
21,11,1431.07
22,11,1233.48
23,11,1445.85
1,12,504.64
0,12,2026.94
2,12,1867.69
3,12,1314.3
4,12,2469.71
5,12,1975.38
6,12,2071.75
7,12,1449.96
8,12,1785.33
9,12,2734.6
10,12,2859.32
11,12,1263.37
13,12,1187.73
14,12,3437.7
15,12,1484.53
16,12,1053.4
17,12,1773.73
18,12,1360.8
19,12,3183.43
20,12,2250.1
21,12,2591.53
22,12,1807.09
23,12,2288.42
1,13,725.12
0,13,885.32
2,13,840.72
3,13,696.61
4,13,1331.46
5,13,788.56
6,13,1157.89
7,13,1413.37
8,13,900.01
9,13,1669.43
10,13,1672.69
11,13,957.91
12,13,1187.73
14,13,2283.19
15,13,348.89
16,13,641.31
17,13,646.04
18,13,476.0
19,13,2122.15
20,13,1166.83
21,13,1650.12
22,13,623.36
23,13,1143.01
1,14,3006.93
0,14,1710.99
2,14,1607.99
3,14,2253.26
4,14,1497.56
5,14,1565.19
6,14,1558.52
7,14,2792.41
8,14,1779.93
9,14,1753.97
10,14,756.61
11,14,2498.32
12,14,3437.7
13,14,2283.19
15,14,1957.15
16,14,2484.92
17,14,1664.04
18,14,2374.26
19,14,632.59
20,14,1777.35
21,14,1227.38
22,14,1669.22
23,14,1149.41
1,15,1054.55
0,15,773.33
2,15,501.97
3,15,601.87
4,15,1186.37
5,15,563.93
6,15,838.0
7,15,1374.91
8,15,610.17
9,15,1582.16
10,15,1391.36
11,15,916.23
12,15,1484.53
13,15,348.89
14,15,1957.15
16,15,685.14
17,15,300.16
18,15,698.04
19,15,1773.83
20,15,1096.54
21,15,1311.8
22,15,354.42
23,15,809.02
1,16,831.59
0,16,1445.7
2,16,876.96
3,16,261.29
4,16,1869.95
5,16,1247.61
6,16,1025.9
7,16,776.83
8,16,744.63
9,16,2253.98
10,16,2022.76
11,16,340.55
12,16,1053.4
13,16,641.31
14,16,2484.92
15,16,685.14
17,16,885.38
18,16,1105.76
19,16,2157.99
20,16,1758.03
21,16,1541.83
22,16,1033.73
23,16,1365.91
1,17,1353.9
0,17,738.1
2,17,280.34
3,17,721.08
4,17,1076.82
5,17,443.26
6,17,633.05
7,17,1465.61
8,17,492.25
9,17,1507.55
10,17,1138.61
11,17,1034.57
12,17,1773.73
13,17,646.04
14,17,1664.04
15,17,300.16
16,17,885.38
18,17,922.0
19,17,1476.73
20,17,1064.43
21,17,1052.85
22,17,250.71
23,17,514.69
1,18,856.69
0,18,721.55
2,18,1181.67
3,18,1171.34
4,18,1137.38
5,18,811.11
6,18,1529.69
7,18,1882.22
8,18,1307.51
9,18,1373.81
10,18,1673.74
11,18,1431.21
12,18,1360.8
13,18,476.0
14,18,2374.26
15,18,698.04
16,18,1105.76
17,18,922.0
19,18,2339.22
20,18,894.06
21,18,1974.79
22,18,763.26
23,18,1316.24
1,19,2813.02
0,19,1797.75
2,19,1319.62
3,19,1903.66
4,19,1740.39
5,19,1556.51
6,19,1143.4
7,19,2314.19
8,19,1414.16
9,19,2099.29
10,19,1051.39
11,19,2093.69
12,19,3183.43
13,19,2122.15
14,19,632.59
15,19,1773.83
16,19,2157.99
17,19,1476.73
18,19,2339.22
20,19,1969.82
21,19,688.33
22,19,1577.56
23,19,1023.41
1,20,1745.55
0,20,329.46
2,20,1318.67
3,20,1697.83
4,20,296.68
5,20,629.63
6,20,1635.54
7,20,2471.02
8,20,1554.82
9,20,502.61
10,20,1020.76
11,20,2012.7
12,20,2250.1
13,20,1166.83
14,20,1777.35
15,20,1096.54
16,20,1758.03
17,20,1064.43
18,20,894.06
19,20,1969.82
21,20,1884.91
22,20,817.45
23,20,1076.99
1,21,2276.51
0,21,1620.96
2,21,810.38
3,21,1280.88
4,21,1742.25
5,21,1316.59
6,21,521.68
7,21,1626.56
8,21,809.65
9,21,2171.65
10,21,1265.79
11,21,1431.07
12,21,2591.53
13,21,1650.12
14,21,1227.38
15,21,1311.8
16,21,1541.83
17,21,1052.85
18,21,1974.79
19,21,688.33
20,21,1884.91
22,21,1241.9
23,21,808.14
1,22,1347.43
0,22,489.28
2,22,523.61
3,22,914.81
4,22,855.32
5,22,216.98
6,22,868.87
7,22,1680.0
8,22,742.79
9,22,1273.88
10,22,1052.76
11,22,1233.48
12,22,1807.09
13,22,623.36
14,22,1669.22
15,22,354.42
16,22,1033.73
17,22,250.71
18,22,763.26
19,22,1577.56
20,22,817.45
21,22,1241.9
23,22,557.43
1,23,1862.33
0,23,826.66
2,23,516.06
3,23,1159.85
4,23,946.12
5,23,545.29
6,23,667.8
7,23,1823.72
8,23,750.49
9,23,1386.08
10,23,690.12
11,23,1445.85
12,23,2288.42
13,23,1143.01
14,23,1149.41
15,23,809.02
16,23,1365.91
17,23,514.69
18,23,1316.24
19,23,1023.41
20,23,1076.99
21,23,808.14
22,23,557.43
25,0,1765
25,1,1535
25,2,665
25,3,204
25,4,2222
25,5,1395
25,6,791
25,7,1129
25,8,446
25,9,2715
25,10,1978
25,11,541
25,12,1774
25,13,1078
25,14,2446
25,15,824
25,16,509
25,17,886
25,18,1647
25,19,2377
25,20,2156
25,21,1435
25,22,1146
25,23,1202
0,25,1765
1,25,1535
2,25,665
3,25,204
4,25,2222
5,25,1395
6,25,791
7,25,1129
8,25,446
9,25,2715
10,25,1978
11,25,541
12,25,1774
13,25,1078
14,25,2446
15,25,824
16,25,509
17,25,886
18,25,1647
19,25,2377
20,25,2156
21,25,1435
22,25,1146
23,25,1202
0,24,3383.8
1,24,2969.45
2,24,2390.75
3,24,2130.9
4,24,3679.84
5,24,3077
6,24,2109.16
7,24,1496.29
8,24,2149.72
9,24,4126.26
10,24,3377.22
11,24,1891.86
12,24,2894.6
13,24,2828.64
14,24,3311.33
15,24,2683.42
16,24,2235.65
17,24,2641.65
18,24,3305.36
19,24,2688.06
20,24,3706.71
21,24,2136.91
22,24,2891.89
23,24,2774.97
24,0,3383.8
24,1,2969.45
24,2,2390.75
24,3,2130.9
24,4,3679.84
24,5,3077
24,6,2109.16
24,7,1496.29
24,8,2149.72
24,9,4126.26
24,10,3377.22
24,11,1891.86
24,12,2894.6
24,13,2828.64
24,14,3311.33
24,15,2683.42
24,16,2235.65
24,17,2641.65
24,18,3305.36
24,19,2688.06
24,20,3706.71
24,21,2136.91
24,22,2891.89
24,23,2774.97
24,25,2020.4
25,24,2020.4